(kicad_pcb (version 20171130) (host pcbnew "(5.0.1)-4")

  (general
    (thickness 1.6)
    (drawings 6)
    (tracks 241)
    (zones 0)
    (modules 35)
    (nets 29)
  )

  (page A4)
  (layers
    (0 F.Cu signal)
    (31 B.Cu signal)
    (32 B.Adhes user)
    (33 F.Adhes user)
    (34 B.Paste user)
    (35 F.Paste user)
    (36 B.SilkS user)
    (37 F.SilkS user)
    (38 B.Mask user)
    (39 F.Mask user)
    (40 Dwgs.User user)
    (41 Cmts.User user)
    (42 Eco1.User user)
    (43 Eco2.User user)
    (44 Edge.Cuts user)
    (45 Margin user)
    (46 B.CrtYd user)
    (47 F.CrtYd user)
    (48 B.Fab user)
    (49 F.Fab user)
  )

  (setup
    (last_trace_width 0.25)
    (trace_clearance 0.15)
    (zone_clearance 0.508)
    (zone_45_only no)
    (trace_min 0.2)
    (segment_width 0.2)
    (edge_width 0.1)
    (via_size 0.6)
    (via_drill 0.4)
    (via_min_size 0.4)
    (via_min_drill 0.3)
    (uvia_size 0.3)
    (uvia_drill 0.1)
    (uvias_allowed no)
    (uvia_min_size 0.2)
    (uvia_min_drill 0.1)
    (pcb_text_width 0.3)
    (pcb_text_size 1.5 1.5)
    (mod_edge_width 0.15)
    (mod_text_size 1 1)
    (mod_text_width 0.15)
    (pad_size 1.7 1.7)
    (pad_drill 1)
    (pad_to_mask_clearance 0)
    (solder_mask_min_width 0.25)
    (aux_axis_origin 0 0)
    (visible_elements 7FFFFFFF)
    (pcbplotparams
      (layerselection 0x010fc_ffffffff)
      (usegerberextensions false)
      (usegerberattributes false)
      (usegerberadvancedattributes false)
      (creategerberjobfile false)
      (excludeedgelayer true)
      (linewidth 0.100000)
      (plotframeref false)
      (viasonmask false)
      (mode 1)
      (useauxorigin false)
      (hpglpennumber 1)
      (hpglpenspeed 20)
      (hpglpendiameter 15.000000)
      (psnegative false)
      (psa4output false)
      (plotreference true)
      (plotvalue true)
      (plotinvisibletext false)
      (padsonsilk false)
      (subtractmaskfromsilk false)
      (outputformat 1)
      (mirror false)
      (drillshape 0)
      (scaleselection 1)
      (outputdirectory "Gerbers/"))
  )

  (net 0 "")
  (net 1 BAT+)
  (net 2 BAT-)
  (net 3 BUZZ)
  (net 4 GND)
  (net 5 "Net-(C1-Pad1)")
  (net 6 "Net-(C2-Pad1)")
  (net 7 RST)
  (net 8 "Net-(D1-Pad1)")
  (net 9 "Net-(D2-Pad1)")
  (net 10 "Net-(D3-Pad1)")
  (net 11 LED)
  (net 12 "Net-(J1-Pad4)")
  (net 13 "Net-(J1-Pad2)")
  (net 14 "Net-(J1-Pad3)")
  (net 15 "Net-(J1-Pad6)")
  (net 16 VCC)
  (net 17 SCK)
  (net 18 MISO)
  (net 19 MOSI)
  (net 20 "Net-(Q1-Pad1)")
  (net 21 OD)
  (net 22 OC)
  (net 23 "Net-(Q1-Pad8)")
  (net 24 "Net-(R1-Pad2)")
  (net 25 "Net-(R3-Pad2)")
  (net 26 "Net-(R4-Pad1)")
  (net 27 "Net-(R5-Pad1)")
  (net 28 "Net-(U2-Pad4)")

  (net_class Default "Esta es la clase de red por defecto."
    (clearance 0.15)
    (trace_width 0.25)
    (via_dia 0.6)
    (via_drill 0.4)
    (uvia_dia 0.3)
    (uvia_drill 0.1)
    (add_net BUZZ)
    (add_net LED)
    (add_net MISO)
    (add_net MOSI)
    (add_net "Net-(C2-Pad1)")
    (add_net "Net-(D1-Pad1)")
    (add_net "Net-(D2-Pad1)")
    (add_net "Net-(D3-Pad1)")
    (add_net "Net-(J1-Pad2)")
    (add_net "Net-(J1-Pad3)")
    (add_net "Net-(J1-Pad4)")
    (add_net "Net-(J1-Pad6)")
    (add_net "Net-(Q1-Pad1)")
    (add_net "Net-(Q1-Pad8)")
    (add_net "Net-(R1-Pad2)")
    (add_net "Net-(R3-Pad2)")
    (add_net "Net-(R4-Pad1)")
    (add_net "Net-(R5-Pad1)")
    (add_net "Net-(U2-Pad4)")
    (add_net OC)
    (add_net OD)
    (add_net RST)
    (add_net SCK)
  )

  (net_class Power ""
    (clearance 0.25)
    (trace_width 0.6)
    (via_dia 1.2)
    (via_drill 0.8)
    (uvia_dia 0.3)
    (uvia_drill 0.1)
    (add_net BAT+)
    (add_net BAT-)
    (add_net GND)
    (add_net "Net-(C1-Pad1)")
    (add_net VCC)
  )

  (module MountingHole:MountingHole_3.2mm_M3 (layer F.Cu) (tedit 5DB729D8) (tstamp 5DC3A6F0)
    (at 165 110)
    (descr "Mounting Hole 3.2mm, no annular, M3")
    (tags "mounting hole 3.2mm no annular m3")
    (attr virtual)
    (fp_text reference REF** (at 0 -4.2) (layer F.SilkS) hide
      (effects (font (size 1 1) (thickness 0.15)))
    )
    (fp_text value MountingHole_3.2mm_M3 (at 0 4.2) (layer F.Fab) hide
      (effects (font (size 1 1) (thickness 0.15)))
    )
    (fp_text user %R (at 0.3 0) (layer F.Fab)
      (effects (font (size 1 1) (thickness 0.15)))
    )
    (fp_circle (center 0 0) (end 3.2 0) (layer Cmts.User) (width 0.15))
    (fp_circle (center 0 0) (end 3.45 0) (layer F.CrtYd) (width 0.05))
    (pad 1 np_thru_hole circle (at 0 0) (size 3.2 3.2) (drill 3.2) (layers *.Cu *.Mask))
  )

  (module TestPoint:TestPoint_2Pads_Pitch2.54mm_Drill0.8mm (layer F.Cu) (tedit 5A0F774F) (tstamp 5DB72EB0)
    (at 111.5949 115.189 270)
    (descr "Test point with 2 pins, pitch 2.54mm, drill diameter 0.8mm")
    (tags "CONN DEV")
    (path /5DB065A1)
    (attr virtual)
    (fp_text reference BZ1 (at 1.3 -2 270) (layer F.SilkS)
      (effects (font (size 1 1) (thickness 0.15)))
    )
    (fp_text value Buzzer (at 1.27 2 270) (layer F.Fab)
      (effects (font (size 1 1) (thickness 0.15)))
    )
    (fp_text user %R (at 1.3 -2 270) (layer F.Fab)
      (effects (font (size 1 1) (thickness 0.15)))
    )
    (fp_line (start -0.65 1.15) (end 3.15 1.15) (layer F.CrtYd) (width 0.05))
    (fp_line (start 3.15 1.15) (end 3.8 0.5) (layer F.CrtYd) (width 0.05))
    (fp_line (start 3.8 0.5) (end 3.8 -0.5) (layer F.CrtYd) (width 0.05))
    (fp_line (start 3.8 -0.5) (end 3.15 -1.15) (layer F.CrtYd) (width 0.05))
    (fp_line (start 3.15 -1.15) (end -0.65 -1.15) (layer F.CrtYd) (width 0.05))
    (fp_line (start -0.65 -1.15) (end -1.3 -0.5) (layer F.CrtYd) (width 0.05))
    (fp_line (start -1.3 -0.5) (end -1.3 0.5) (layer F.CrtYd) (width 0.05))
    (fp_line (start -1.3 0.5) (end -0.65 1.15) (layer F.CrtYd) (width 0.05))
    (fp_line (start -0.53 -0.9) (end 3.07 -0.9) (layer F.SilkS) (width 0.15))
    (fp_line (start 3.07 -0.9) (end 3.57 -0.4) (layer F.SilkS) (width 0.15))
    (fp_line (start 3.57 -0.4) (end 3.57 0.4) (layer F.SilkS) (width 0.15))
    (fp_line (start 3.57 0.4) (end 3.07 0.9) (layer F.SilkS) (width 0.15))
    (fp_line (start 3.07 0.9) (end -0.53 0.9) (layer F.SilkS) (width 0.15))
    (fp_line (start -0.53 0.9) (end -1.03 0.4) (layer F.SilkS) (width 0.15))
    (fp_line (start -1.03 0.4) (end -1.03 -0.4) (layer F.SilkS) (width 0.15))
    (fp_line (start -1.03 -0.4) (end -0.53 -0.9) (layer F.SilkS) (width 0.15))
    (pad 1 thru_hole circle (at 0 0 270) (size 1.4 1.4) (drill 0.8) (layers *.Cu *.Mask)
      (net 3 BUZZ))
    (pad 2 thru_hole circle (at 2.54 0 270) (size 1.4 1.4) (drill 0.8) (layers *.Cu *.Mask)
      (net 4 GND))
  )

  (module Capacitor_SMD:C_0805_2012Metric_Pad1.15x1.40mm_HandSolder (layer F.Cu) (tedit 5B36C52B) (tstamp 5DB72EC1)
    (at 147.701 113.6396)
    (descr "Capacitor SMD 0805 (2012 Metric), square (rectangular) end terminal, IPC_7351 nominal with elongated pad for handsoldering. (Body size source: https://docs.google.com/spreadsheets/d/1BsfQQcO9C6DZCsRaXUlFlo91Tg2WpOkGARC1WS5S8t0/edit?usp=sharing), generated with kicad-footprint-generator")
    (tags "capacitor handsolder")
    (path /5DAF17F3)
    (attr smd)
    (fp_text reference C1 (at -2.6924 0.0889) (layer F.SilkS)
      (effects (font (size 1 1) (thickness 0.15)))
    )
    (fp_text value 10uF (at 0 1.65) (layer F.Fab)
      (effects (font (size 1 1) (thickness 0.15)))
    )
    (fp_line (start -1 0.6) (end -1 -0.6) (layer F.Fab) (width 0.1))
    (fp_line (start -1 -0.6) (end 1 -0.6) (layer F.Fab) (width 0.1))
    (fp_line (start 1 -0.6) (end 1 0.6) (layer F.Fab) (width 0.1))
    (fp_line (start 1 0.6) (end -1 0.6) (layer F.Fab) (width 0.1))
    (fp_line (start -0.261252 -0.71) (end 0.261252 -0.71) (layer F.SilkS) (width 0.12))
    (fp_line (start -0.261252 0.71) (end 0.261252 0.71) (layer F.SilkS) (width 0.12))
    (fp_line (start -1.85 0.95) (end -1.85 -0.95) (layer F.CrtYd) (width 0.05))
    (fp_line (start -1.85 -0.95) (end 1.85 -0.95) (layer F.CrtYd) (width 0.05))
    (fp_line (start 1.85 -0.95) (end 1.85 0.95) (layer F.CrtYd) (width 0.05))
    (fp_line (start 1.85 0.95) (end -1.85 0.95) (layer F.CrtYd) (width 0.05))
    (fp_text user %R (at 0 0) (layer F.Fab)
      (effects (font (size 0.5 0.5) (thickness 0.08)))
    )
    (pad 1 smd roundrect (at -1.025 0) (size 1.15 1.4) (layers F.Cu F.Paste F.Mask) (roundrect_rratio 0.217391)
      (net 5 "Net-(C1-Pad1)"))
    (pad 2 smd roundrect (at 1.025 0) (size 1.15 1.4) (layers F.Cu F.Paste F.Mask) (roundrect_rratio 0.217391)
      (net 4 GND))
    (model ${KISYS3DMOD}/Capacitor_SMD.3dshapes/C_0805_2012Metric.wrl
      (at (xyz 0 0 0))
      (scale (xyz 1 1 1))
      (rotate (xyz 0 0 0))
    )
  )

  (module Capacitor_SMD:C_0805_2012Metric (layer F.Cu) (tedit 5B36C52B) (tstamp 5DB72ED2)
    (at 154.3558 102.9566 270)
    (descr "Capacitor SMD 0805 (2012 Metric), square (rectangular) end terminal, IPC_7351 nominal, (Body size source: https://docs.google.com/spreadsheets/d/1BsfQQcO9C6DZCsRaXUlFlo91Tg2WpOkGARC1WS5S8t0/edit?usp=sharing), generated with kicad-footprint-generator")
    (tags capacitor)
    (path /5DAFD1D9)
    (attr smd)
    (fp_text reference C2 (at 2.4788 0 180) (layer F.SilkS)
      (effects (font (size 1 1) (thickness 0.15)))
    )
    (fp_text value 0.1uF (at 0 1.65 270) (layer F.Fab)
      (effects (font (size 1 1) (thickness 0.15)))
    )
    (fp_line (start -1 0.6) (end -1 -0.6) (layer F.Fab) (width 0.1))
    (fp_line (start -1 -0.6) (end 1 -0.6) (layer F.Fab) (width 0.1))
    (fp_line (start 1 -0.6) (end 1 0.6) (layer F.Fab) (width 0.1))
    (fp_line (start 1 0.6) (end -1 0.6) (layer F.Fab) (width 0.1))
    (fp_line (start -0.258578 -0.71) (end 0.258578 -0.71) (layer F.SilkS) (width 0.12))
    (fp_line (start -0.258578 0.71) (end 0.258578 0.71) (layer F.SilkS) (width 0.12))
    (fp_line (start -1.68 0.95) (end -1.68 -0.95) (layer F.CrtYd) (width 0.05))
    (fp_line (start -1.68 -0.95) (end 1.68 -0.95) (layer F.CrtYd) (width 0.05))
    (fp_line (start 1.68 -0.95) (end 1.68 0.95) (layer F.CrtYd) (width 0.05))
    (fp_line (start 1.68 0.95) (end -1.68 0.95) (layer F.CrtYd) (width 0.05))
    (fp_text user %R (at 0 0 270) (layer F.Fab)
      (effects (font (size 0.5 0.5) (thickness 0.08)))
    )
    (pad 1 smd roundrect (at -0.9375 0 270) (size 0.975 1.4) (layers F.Cu F.Paste F.Mask) (roundrect_rratio 0.25)
      (net 6 "Net-(C2-Pad1)"))
    (pad 2 smd roundrect (at 0.9375 0 270) (size 0.975 1.4) (layers F.Cu F.Paste F.Mask) (roundrect_rratio 0.25)
      (net 2 BAT-))
    (model ${KISYS3DMOD}/Capacitor_SMD.3dshapes/C_0805_2012Metric.wrl
      (at (xyz 0 0 0))
      (scale (xyz 1 1 1))
      (rotate (xyz 0 0 0))
    )
  )

  (module Capacitor_SMD:C_0805_2012Metric (layer F.Cu) (tedit 5B36C52B) (tstamp 5DB72EE3)
    (at 171.0944 114.7341 90)
    (descr "Capacitor SMD 0805 (2012 Metric), square (rectangular) end terminal, IPC_7351 nominal, (Body size source: https://docs.google.com/spreadsheets/d/1BsfQQcO9C6DZCsRaXUlFlo91Tg2WpOkGARC1WS5S8t0/edit?usp=sharing), generated with kicad-footprint-generator")
    (tags capacitor)
    (path /5DAF4E1A)
    (attr smd)
    (fp_text reference C3 (at 0.0785 -1.9558 180) (layer F.SilkS)
      (effects (font (size 1 1) (thickness 0.15)))
    )
    (fp_text value 10uF (at 0 1.65 90) (layer F.Fab)
      (effects (font (size 1 1) (thickness 0.15)))
    )
    (fp_text user %R (at 0 0 90) (layer F.Fab)
      (effects (font (size 0.5 0.5) (thickness 0.08)))
    )
    (fp_line (start 1.68 0.95) (end -1.68 0.95) (layer F.CrtYd) (width 0.05))
    (fp_line (start 1.68 -0.95) (end 1.68 0.95) (layer F.CrtYd) (width 0.05))
    (fp_line (start -1.68 -0.95) (end 1.68 -0.95) (layer F.CrtYd) (width 0.05))
    (fp_line (start -1.68 0.95) (end -1.68 -0.95) (layer F.CrtYd) (width 0.05))
    (fp_line (start -0.258578 0.71) (end 0.258578 0.71) (layer F.SilkS) (width 0.12))
    (fp_line (start -0.258578 -0.71) (end 0.258578 -0.71) (layer F.SilkS) (width 0.12))
    (fp_line (start 1 0.6) (end -1 0.6) (layer F.Fab) (width 0.1))
    (fp_line (start 1 -0.6) (end 1 0.6) (layer F.Fab) (width 0.1))
    (fp_line (start -1 -0.6) (end 1 -0.6) (layer F.Fab) (width 0.1))
    (fp_line (start -1 0.6) (end -1 -0.6) (layer F.Fab) (width 0.1))
    (pad 2 smd roundrect (at 0.9375 0 90) (size 0.975 1.4) (layers F.Cu F.Paste F.Mask) (roundrect_rratio 0.25)
      (net 4 GND))
    (pad 1 smd roundrect (at -0.9375 0 90) (size 0.975 1.4) (layers F.Cu F.Paste F.Mask) (roundrect_rratio 0.25)
      (net 1 BAT+))
    (model ${KISYS3DMOD}/Capacitor_SMD.3dshapes/C_0805_2012Metric.wrl
      (at (xyz 0 0 0))
      (scale (xyz 1 1 1))
      (rotate (xyz 0 0 0))
    )
  )

  (module Capacitor_SMD:C_0805_2012Metric (layer F.Cu) (tedit 5B36C52B) (tstamp 5DB72EF4)
    (at 115.8494 108.2779 90)
    (descr "Capacitor SMD 0805 (2012 Metric), square (rectangular) end terminal, IPC_7351 nominal, (Body size source: https://docs.google.com/spreadsheets/d/1BsfQQcO9C6DZCsRaXUlFlo91Tg2WpOkGARC1WS5S8t0/edit?usp=sharing), generated with kicad-footprint-generator")
    (tags capacitor)
    (path /5DB4C9F9)
    (attr smd)
    (fp_text reference C4 (at 0 -1.65 90) (layer F.SilkS)
      (effects (font (size 1 1) (thickness 0.15)))
    )
    (fp_text value 1uF (at 0 1.65 90) (layer F.Fab)
      (effects (font (size 1 1) (thickness 0.15)))
    )
    (fp_line (start -1 0.6) (end -1 -0.6) (layer F.Fab) (width 0.1))
    (fp_line (start -1 -0.6) (end 1 -0.6) (layer F.Fab) (width 0.1))
    (fp_line (start 1 -0.6) (end 1 0.6) (layer F.Fab) (width 0.1))
    (fp_line (start 1 0.6) (end -1 0.6) (layer F.Fab) (width 0.1))
    (fp_line (start -0.258578 -0.71) (end 0.258578 -0.71) (layer F.SilkS) (width 0.12))
    (fp_line (start -0.258578 0.71) (end 0.258578 0.71) (layer F.SilkS) (width 0.12))
    (fp_line (start -1.68 0.95) (end -1.68 -0.95) (layer F.CrtYd) (width 0.05))
    (fp_line (start -1.68 -0.95) (end 1.68 -0.95) (layer F.CrtYd) (width 0.05))
    (fp_line (start 1.68 -0.95) (end 1.68 0.95) (layer F.CrtYd) (width 0.05))
    (fp_line (start 1.68 0.95) (end -1.68 0.95) (layer F.CrtYd) (width 0.05))
    (fp_text user %R (at 0 0 90) (layer F.Fab)
      (effects (font (size 0.5 0.5) (thickness 0.08)))
    )
    (pad 1 smd roundrect (at -0.9375 0 90) (size 0.975 1.4) (layers F.Cu F.Paste F.Mask) (roundrect_rratio 0.25)
      (net 7 RST))
    (pad 2 smd roundrect (at 0.9375 0 90) (size 0.975 1.4) (layers F.Cu F.Paste F.Mask) (roundrect_rratio 0.25)
      (net 4 GND))
    (model ${KISYS3DMOD}/Capacitor_SMD.3dshapes/C_0805_2012Metric.wrl
      (at (xyz 0 0 0))
      (scale (xyz 1 1 1))
      (rotate (xyz 0 0 0))
    )
  )

  (module LED_SMD:LED_0805_2012Metric_Pad1.15x1.40mm_HandSolder (layer F.Cu) (tedit 5B4B45C9) (tstamp 5DB72F07)
    (at 144.8218 103.7717 180)
    (descr "LED SMD 0805 (2012 Metric), square (rectangular) end terminal, IPC_7351 nominal, (Body size source: https://docs.google.com/spreadsheets/d/1BsfQQcO9C6DZCsRaXUlFlo91Tg2WpOkGARC1WS5S8t0/edit?usp=sharing), generated with kicad-footprint-generator")
    (tags "LED handsolder")
    (path /5DAF1257)
    (attr smd)
    (fp_text reference D1 (at 0 -1.65 180) (layer F.SilkS)
      (effects (font (size 1 1) (thickness 0.15)))
    )
    (fp_text value Green (at 0 1.65 180) (layer F.Fab)
      (effects (font (size 1 1) (thickness 0.15)))
    )
    (fp_line (start 1 -0.6) (end -0.7 -0.6) (layer F.Fab) (width 0.1))
    (fp_line (start -0.7 -0.6) (end -1 -0.3) (layer F.Fab) (width 0.1))
    (fp_line (start -1 -0.3) (end -1 0.6) (layer F.Fab) (width 0.1))
    (fp_line (start -1 0.6) (end 1 0.6) (layer F.Fab) (width 0.1))
    (fp_line (start 1 0.6) (end 1 -0.6) (layer F.Fab) (width 0.1))
    (fp_line (start 1 -0.96) (end -1.86 -0.96) (layer F.SilkS) (width 0.12))
    (fp_line (start -1.86 -0.96) (end -1.86 0.96) (layer F.SilkS) (width 0.12))
    (fp_line (start -1.86 0.96) (end 1 0.96) (layer F.SilkS) (width 0.12))
    (fp_line (start -1.85 0.95) (end -1.85 -0.95) (layer F.CrtYd) (width 0.05))
    (fp_line (start -1.85 -0.95) (end 1.85 -0.95) (layer F.CrtYd) (width 0.05))
    (fp_line (start 1.85 -0.95) (end 1.85 0.95) (layer F.CrtYd) (width 0.05))
    (fp_line (start 1.85 0.95) (end -1.85 0.95) (layer F.CrtYd) (width 0.05))
    (fp_text user %R (at 0 0 180) (layer F.Fab)
      (effects (font (size 0.5 0.5) (thickness 0.08)))
    )
    (pad 1 smd roundrect (at -1.025 0 180) (size 1.15 1.4) (layers F.Cu F.Paste F.Mask) (roundrect_rratio 0.217391)
      (net 8 "Net-(D1-Pad1)"))
    (pad 2 smd roundrect (at 1.025 0 180) (size 1.15 1.4) (layers F.Cu F.Paste F.Mask) (roundrect_rratio 0.217391)
      (net 5 "Net-(C1-Pad1)"))
    (model ${KISYS3DMOD}/LED_SMD.3dshapes/LED_0805_2012Metric.wrl
      (at (xyz 0 0 0))
      (scale (xyz 1 1 1))
      (rotate (xyz 0 0 0))
    )
  )

  (module LED_SMD:LED_0805_2012Metric_Pad1.15x1.40mm_HandSolder (layer F.Cu) (tedit 5B4B45C9) (tstamp 5DC3B568)
    (at 144.8726 101.7905 180)
    (descr "LED SMD 0805 (2012 Metric), square (rectangular) end terminal, IPC_7351 nominal, (Body size source: https://docs.google.com/spreadsheets/d/1BsfQQcO9C6DZCsRaXUlFlo91Tg2WpOkGARC1WS5S8t0/edit?usp=sharing), generated with kicad-footprint-generator")
    (tags "LED handsolder")
    (path /5DAF11FD)
    (attr smd)
    (fp_text reference D2 (at 2.912 0.2159 180) (layer F.SilkS)
      (effects (font (size 1 1) (thickness 0.15)))
    )
    (fp_text value Red (at 0 1.65 180) (layer F.Fab)
      (effects (font (size 1 1) (thickness 0.15)))
    )
    (fp_text user %R (at 0 0 180) (layer F.Fab)
      (effects (font (size 0.5 0.5) (thickness 0.08)))
    )
    (fp_line (start 1.85 0.95) (end -1.85 0.95) (layer F.CrtYd) (width 0.05))
    (fp_line (start 1.85 -0.95) (end 1.85 0.95) (layer F.CrtYd) (width 0.05))
    (fp_line (start -1.85 -0.95) (end 1.85 -0.95) (layer F.CrtYd) (width 0.05))
    (fp_line (start -1.85 0.95) (end -1.85 -0.95) (layer F.CrtYd) (width 0.05))
    (fp_line (start -1.86 0.96) (end 1 0.96) (layer F.SilkS) (width 0.12))
    (fp_line (start -1.86 -0.96) (end -1.86 0.96) (layer F.SilkS) (width 0.12))
    (fp_line (start 1 -0.96) (end -1.86 -0.96) (layer F.SilkS) (width 0.12))
    (fp_line (start 1 0.6) (end 1 -0.6) (layer F.Fab) (width 0.1))
    (fp_line (start -1 0.6) (end 1 0.6) (layer F.Fab) (width 0.1))
    (fp_line (start -1 -0.3) (end -1 0.6) (layer F.Fab) (width 0.1))
    (fp_line (start -0.7 -0.6) (end -1 -0.3) (layer F.Fab) (width 0.1))
    (fp_line (start 1 -0.6) (end -0.7 -0.6) (layer F.Fab) (width 0.1))
    (pad 2 smd roundrect (at 1.025 0 180) (size 1.15 1.4) (layers F.Cu F.Paste F.Mask) (roundrect_rratio 0.217391)
      (net 5 "Net-(C1-Pad1)"))
    (pad 1 smd roundrect (at -1.025 0 180) (size 1.15 1.4) (layers F.Cu F.Paste F.Mask) (roundrect_rratio 0.217391)
      (net 9 "Net-(D2-Pad1)"))
    (model ${KISYS3DMOD}/LED_SMD.3dshapes/LED_0805_2012Metric.wrl
      (at (xyz 0 0 0))
      (scale (xyz 1 1 1))
      (rotate (xyz 0 0 0))
    )
  )

  (module project_footprints:MicroUSB (layer F.Cu) (tedit 5B04569C) (tstamp 5DB72F56)
    (at 147.6248 118.491)
    (path /5DAF0F30)
    (fp_text reference J1 (at 4.4577 -3.4925) (layer F.SilkS)
      (effects (font (size 1 1) (thickness 0.15)))
    )
    (fp_text value USB_B_Micro (at 0.1143 -0.0381) (layer F.Fab)
      (effects (font (size 1 1) (thickness 0.15)))
    )
    (fp_line (start -3.5 -2.8) (end -3.5 1.9) (layer F.SilkS) (width 0.15))
    (fp_line (start -3.5 1.9) (end 3.4 1.9) (layer F.SilkS) (width 0.15))
    (fp_line (start 3.4 1.9) (end 3.4 -2.8) (layer F.SilkS) (width 0.15))
    (fp_line (start 3.4 -2.8) (end -3.5 -2.8) (layer F.SilkS) (width 0.15))
    (fp_line (start -5 1.45) (end 5 1.45) (layer Dwgs.User) (width 0.1))
    (pad 5 smd rect (at 1.3 -2.675) (size 0.4 1.35) (layers F.Cu F.Paste F.Mask)
      (net 4 GND))
    (pad 4 smd rect (at 0.65 -2.675) (size 0.4 1.35) (layers F.Cu F.Paste F.Mask)
      (net 12 "Net-(J1-Pad4)"))
    (pad 1 smd rect (at -1.3 -2.675) (size 0.4 1.35) (layers F.Cu F.Paste F.Mask)
      (net 5 "Net-(C1-Pad1)"))
    (pad 2 smd rect (at -0.65 -2.675) (size 0.4 1.35) (layers F.Cu F.Paste F.Mask)
      (net 13 "Net-(J1-Pad2)"))
    (pad "" np_thru_hole circle (at 2 -2.15) (size 0.6 0.6) (drill 0.6) (layers *.Cu *.Mask))
    (pad "" np_thru_hole circle (at -2 -2.15) (size 0.6 0.6) (drill 0.6) (layers *.Cu *.Mask))
    (pad 3 smd rect (at 0 -2.675) (size 0.4 1.35) (layers F.Cu F.Paste F.Mask)
      (net 14 "Net-(J1-Pad3)"))
    (pad 6 smd rect (at -3.95 0) (size 1.9 1.9) (layers F.Cu F.Paste F.Mask)
      (net 15 "Net-(J1-Pad6)"))
    (pad 6 smd rect (at 3.95 0) (size 1.9 1.9) (layers F.Cu F.Paste F.Mask)
      (net 15 "Net-(J1-Pad6)"))
  )

  (module Connector_PinHeader_1.27mm:PinHeader_2x03_P1.27mm_Vertical_SMD (layer F.Cu) (tedit 59FED6E3) (tstamp 5DB72F83)
    (at 134.411 114.4016)
    (descr "surface-mounted straight pin header, 2x03, 1.27mm pitch, double rows")
    (tags "Surface mounted pin header SMD 2x03 1.27mm double row")
    (path /5DB19488)
    (attr smd)
    (fp_text reference J2 (at 0 -2.965) (layer F.SilkS)
      (effects (font (size 1 1) (thickness 0.15)))
    )
    (fp_text value ISP (at 0 2.965) (layer F.Fab)
      (effects (font (size 1 1) (thickness 0.15)))
    )
    (fp_line (start 1.705 1.905) (end -1.705 1.905) (layer F.Fab) (width 0.1))
    (fp_line (start -1.27 -1.905) (end 1.705 -1.905) (layer F.Fab) (width 0.1))
    (fp_line (start -1.705 1.905) (end -1.705 -1.47) (layer F.Fab) (width 0.1))
    (fp_line (start -1.705 -1.47) (end -1.27 -1.905) (layer F.Fab) (width 0.1))
    (fp_line (start 1.705 -1.905) (end 1.705 1.905) (layer F.Fab) (width 0.1))
    (fp_line (start -1.705 -1.47) (end -2.75 -1.47) (layer F.Fab) (width 0.1))
    (fp_line (start -2.75 -1.47) (end -2.75 -1.07) (layer F.Fab) (width 0.1))
    (fp_line (start -2.75 -1.07) (end -1.705 -1.07) (layer F.Fab) (width 0.1))
    (fp_line (start 1.705 -1.47) (end 2.75 -1.47) (layer F.Fab) (width 0.1))
    (fp_line (start 2.75 -1.47) (end 2.75 -1.07) (layer F.Fab) (width 0.1))
    (fp_line (start 2.75 -1.07) (end 1.705 -1.07) (layer F.Fab) (width 0.1))
    (fp_line (start -1.705 -0.2) (end -2.75 -0.2) (layer F.Fab) (width 0.1))
    (fp_line (start -2.75 -0.2) (end -2.75 0.2) (layer F.Fab) (width 0.1))
    (fp_line (start -2.75 0.2) (end -1.705 0.2) (layer F.Fab) (width 0.1))
    (fp_line (start 1.705 -0.2) (end 2.75 -0.2) (layer F.Fab) (width 0.1))
    (fp_line (start 2.75 -0.2) (end 2.75 0.2) (layer F.Fab) (width 0.1))
    (fp_line (start 2.75 0.2) (end 1.705 0.2) (layer F.Fab) (width 0.1))
    (fp_line (start -1.705 1.07) (end -2.75 1.07) (layer F.Fab) (width 0.1))
    (fp_line (start -2.75 1.07) (end -2.75 1.47) (layer F.Fab) (width 0.1))
    (fp_line (start -2.75 1.47) (end -1.705 1.47) (layer F.Fab) (width 0.1))
    (fp_line (start 1.705 1.07) (end 2.75 1.07) (layer F.Fab) (width 0.1))
    (fp_line (start 2.75 1.07) (end 2.75 1.47) (layer F.Fab) (width 0.1))
    (fp_line (start 2.75 1.47) (end 1.705 1.47) (layer F.Fab) (width 0.1))
    (fp_line (start -1.765 -1.965) (end 1.765 -1.965) (layer F.SilkS) (width 0.12))
    (fp_line (start -1.765 1.965) (end 1.765 1.965) (layer F.SilkS) (width 0.12))
    (fp_line (start -3.09 -1.9) (end -1.765 -1.9) (layer F.SilkS) (width 0.12))
    (fp_line (start -1.765 -1.965) (end -1.765 -1.9) (layer F.SilkS) (width 0.12))
    (fp_line (start 1.765 -1.965) (end 1.765 -1.9) (layer F.SilkS) (width 0.12))
    (fp_line (start -1.765 1.9) (end -1.765 1.965) (layer F.SilkS) (width 0.12))
    (fp_line (start 1.765 1.9) (end 1.765 1.965) (layer F.SilkS) (width 0.12))
    (fp_line (start -4.3 -2.45) (end -4.3 2.45) (layer F.CrtYd) (width 0.05))
    (fp_line (start -4.3 2.45) (end 4.3 2.45) (layer F.CrtYd) (width 0.05))
    (fp_line (start 4.3 2.45) (end 4.3 -2.45) (layer F.CrtYd) (width 0.05))
    (fp_line (start 4.3 -2.45) (end -4.3 -2.45) (layer F.CrtYd) (width 0.05))
    (fp_text user %R (at 0 0 90) (layer F.Fab)
      (effects (font (size 1 1) (thickness 0.15)))
    )
    (pad 1 smd rect (at -1.95 -1.27) (size 2.4 0.74) (layers F.Cu F.Paste F.Mask)
      (net 16 VCC))
    (pad 2 smd rect (at 1.95 -1.27) (size 2.4 0.74) (layers F.Cu F.Paste F.Mask)
      (net 4 GND))
    (pad 3 smd rect (at -1.95 0) (size 2.4 0.74) (layers F.Cu F.Paste F.Mask)
      (net 17 SCK))
    (pad 4 smd rect (at 1.95 0) (size 2.4 0.74) (layers F.Cu F.Paste F.Mask)
      (net 7 RST))
    (pad 5 smd rect (at -1.95 1.27) (size 2.4 0.74) (layers F.Cu F.Paste F.Mask)
      (net 18 MISO))
    (pad 6 smd rect (at 1.95 1.27) (size 2.4 0.74) (layers F.Cu F.Paste F.Mask)
      (net 19 MOSI))
    (model ${KISYS3DMOD}/Connector_PinHeader_1.27mm.3dshapes/PinHeader_2x03_P1.27mm_Vertical_SMD.wrl
      (at (xyz 0 0 0))
      (scale (xyz 1 1 1))
      (rotate (xyz 0 0 0))
    )
  )

  (module Package_SO:TSSOP-8_4.4x3mm_P0.65mm (layer F.Cu) (tedit 5A02F25C) (tstamp 5DB72FD8)
    (at 173.8884 105.7402 90)
    (descr "8-Lead Plastic Thin Shrink Small Outline (ST)-4.4 mm Body [TSSOP] (see Microchip Packaging Specification 00000049BS.pdf)")
    (tags "SSOP 0.65")
    (path /5DAF9D4A)
    (attr smd)
    (fp_text reference Q1 (at -0.5461 -2.4765 90) (layer F.SilkS)
      (effects (font (size 1 1) (thickness 0.15)))
    )
    (fp_text value 8205A (at 1.6002 -2.54 90) (layer F.Fab)
      (effects (font (size 1 1) (thickness 0.15)))
    )
    (fp_line (start -1.2 -1.5) (end 2.2 -1.5) (layer F.Fab) (width 0.15))
    (fp_line (start 2.2 -1.5) (end 2.2 1.5) (layer F.Fab) (width 0.15))
    (fp_line (start 2.2 1.5) (end -2.2 1.5) (layer F.Fab) (width 0.15))
    (fp_line (start -2.2 1.5) (end -2.2 -0.5) (layer F.Fab) (width 0.15))
    (fp_line (start -2.2 -0.5) (end -1.2 -1.5) (layer F.Fab) (width 0.15))
    (fp_line (start -3.95 -1.8) (end -3.95 1.8) (layer F.CrtYd) (width 0.05))
    (fp_line (start 3.95 -1.8) (end 3.95 1.8) (layer F.CrtYd) (width 0.05))
    (fp_line (start -3.95 -1.8) (end 3.95 -1.8) (layer F.CrtYd) (width 0.05))
    (fp_line (start -3.95 1.8) (end 3.95 1.8) (layer F.CrtYd) (width 0.05))
    (fp_line (start -2.325 -1.625) (end -2.325 -1.525) (layer F.SilkS) (width 0.15))
    (fp_line (start 2.325 -1.625) (end 2.325 -1.425) (layer F.SilkS) (width 0.15))
    (fp_line (start 2.325 1.625) (end 2.325 1.425) (layer F.SilkS) (width 0.15))
    (fp_line (start -2.325 1.625) (end -2.325 1.425) (layer F.SilkS) (width 0.15))
    (fp_line (start -2.325 -1.625) (end 2.325 -1.625) (layer F.SilkS) (width 0.15))
    (fp_line (start -2.325 1.625) (end 2.325 1.625) (layer F.SilkS) (width 0.15))
    (fp_line (start -2.325 -1.525) (end -3.675 -1.525) (layer F.SilkS) (width 0.15))
    (fp_text user %R (at 0 0 90) (layer F.Fab)
      (effects (font (size 0.7 0.7) (thickness 0.15)))
    )
    (pad 1 smd rect (at -2.95 -0.975 90) (size 1.45 0.45) (layers F.Cu F.Paste F.Mask)
      (net 20 "Net-(Q1-Pad1)"))
    (pad 2 smd rect (at -2.95 -0.325 90) (size 1.45 0.45) (layers F.Cu F.Paste F.Mask)
      (net 2 BAT-))
    (pad 3 smd rect (at -2.95 0.325 90) (size 1.45 0.45) (layers F.Cu F.Paste F.Mask)
      (net 2 BAT-))
    (pad 4 smd rect (at -2.95 0.975 90) (size 1.45 0.45) (layers F.Cu F.Paste F.Mask)
      (net 21 OD))
    (pad 5 smd rect (at 2.95 0.975 90) (size 1.45 0.45) (layers F.Cu F.Paste F.Mask)
      (net 22 OC))
    (pad 6 smd rect (at 2.95 0.325 90) (size 1.45 0.45) (layers F.Cu F.Paste F.Mask)
      (net 4 GND))
    (pad 7 smd rect (at 2.95 -0.325 90) (size 1.45 0.45) (layers F.Cu F.Paste F.Mask)
      (net 4 GND))
    (pad 8 smd rect (at 2.95 -0.975 90) (size 1.45 0.45) (layers F.Cu F.Paste F.Mask)
      (net 23 "Net-(Q1-Pad8)"))
    (model ${KISYS3DMOD}/Package_SO.3dshapes/TSSOP-8_4.4x3mm_P0.65mm.wrl
      (at (xyz 0 0 0))
      (scale (xyz 1 1 1))
      (rotate (xyz 0 0 0))
    )
  )

  (module Resistor_SMD:R_0805_2012Metric_Pad1.15x1.40mm_HandSolder (layer F.Cu) (tedit 5B36C52B) (tstamp 5DB72FE9)
    (at 148.7043 103.759)
    (descr "Resistor SMD 0805 (2012 Metric), square (rectangular) end terminal, IPC_7351 nominal with elongated pad for handsoldering. (Body size source: https://docs.google.com/spreadsheets/d/1BsfQQcO9C6DZCsRaXUlFlo91Tg2WpOkGARC1WS5S8t0/edit?usp=sharing), generated with kicad-footprint-generator")
    (tags "resistor handsolder")
    (path /5DAF1C09)
    (attr smd)
    (fp_text reference R1 (at 0.0508 1.5621) (layer F.SilkS)
      (effects (font (size 1 1) (thickness 0.15)))
    )
    (fp_text value 1k (at 0 1.65) (layer F.Fab)
      (effects (font (size 1 1) (thickness 0.15)))
    )
    (fp_line (start -1 0.6) (end -1 -0.6) (layer F.Fab) (width 0.1))
    (fp_line (start -1 -0.6) (end 1 -0.6) (layer F.Fab) (width 0.1))
    (fp_line (start 1 -0.6) (end 1 0.6) (layer F.Fab) (width 0.1))
    (fp_line (start 1 0.6) (end -1 0.6) (layer F.Fab) (width 0.1))
    (fp_line (start -0.261252 -0.71) (end 0.261252 -0.71) (layer F.SilkS) (width 0.12))
    (fp_line (start -0.261252 0.71) (end 0.261252 0.71) (layer F.SilkS) (width 0.12))
    (fp_line (start -1.85 0.95) (end -1.85 -0.95) (layer F.CrtYd) (width 0.05))
    (fp_line (start -1.85 -0.95) (end 1.85 -0.95) (layer F.CrtYd) (width 0.05))
    (fp_line (start 1.85 -0.95) (end 1.85 0.95) (layer F.CrtYd) (width 0.05))
    (fp_line (start 1.85 0.95) (end -1.85 0.95) (layer F.CrtYd) (width 0.05))
    (fp_text user %R (at 0 0) (layer F.Fab)
      (effects (font (size 0.5 0.5) (thickness 0.08)))
    )
    (pad 1 smd roundrect (at -1.025 0) (size 1.15 1.4) (layers F.Cu F.Paste F.Mask) (roundrect_rratio 0.217391)
      (net 8 "Net-(D1-Pad1)"))
    (pad 2 smd roundrect (at 1.025 0) (size 1.15 1.4) (layers F.Cu F.Paste F.Mask) (roundrect_rratio 0.217391)
      (net 24 "Net-(R1-Pad2)"))
    (model ${KISYS3DMOD}/Resistor_SMD.3dshapes/R_0805_2012Metric.wrl
      (at (xyz 0 0 0))
      (scale (xyz 1 1 1))
      (rotate (xyz 0 0 0))
    )
  )

  (module Resistor_SMD:R_0805_2012Metric_Pad1.15x1.40mm_HandSolder (layer F.Cu) (tedit 5B36C52B) (tstamp 5DB72FFA)
    (at 154.6733 111.6494 270)
    (descr "Resistor SMD 0805 (2012 Metric), square (rectangular) end terminal, IPC_7351 nominal with elongated pad for handsoldering. (Body size source: https://docs.google.com/spreadsheets/d/1BsfQQcO9C6DZCsRaXUlFlo91Tg2WpOkGARC1WS5S8t0/edit?usp=sharing), generated with kicad-footprint-generator")
    (tags "resistor handsolder")
    (path /5DAFB60F)
    (attr smd)
    (fp_text reference R2 (at 0 -1.65 270) (layer F.SilkS)
      (effects (font (size 1 1) (thickness 0.15)))
    )
    (fp_text value 100 (at 0 1.65 270) (layer F.Fab)
      (effects (font (size 1 1) (thickness 0.15)))
    )
    (fp_text user %R (at 0 0 270) (layer F.Fab)
      (effects (font (size 0.5 0.5) (thickness 0.08)))
    )
    (fp_line (start 1.85 0.95) (end -1.85 0.95) (layer F.CrtYd) (width 0.05))
    (fp_line (start 1.85 -0.95) (end 1.85 0.95) (layer F.CrtYd) (width 0.05))
    (fp_line (start -1.85 -0.95) (end 1.85 -0.95) (layer F.CrtYd) (width 0.05))
    (fp_line (start -1.85 0.95) (end -1.85 -0.95) (layer F.CrtYd) (width 0.05))
    (fp_line (start -0.261252 0.71) (end 0.261252 0.71) (layer F.SilkS) (width 0.12))
    (fp_line (start -0.261252 -0.71) (end 0.261252 -0.71) (layer F.SilkS) (width 0.12))
    (fp_line (start 1 0.6) (end -1 0.6) (layer F.Fab) (width 0.1))
    (fp_line (start 1 -0.6) (end 1 0.6) (layer F.Fab) (width 0.1))
    (fp_line (start -1 -0.6) (end 1 -0.6) (layer F.Fab) (width 0.1))
    (fp_line (start -1 0.6) (end -1 -0.6) (layer F.Fab) (width 0.1))
    (pad 2 smd roundrect (at 1.025 0 270) (size 1.15 1.4) (layers F.Cu F.Paste F.Mask) (roundrect_rratio 0.217391)
      (net 1 BAT+))
    (pad 1 smd roundrect (at -1.025 0 270) (size 1.15 1.4) (layers F.Cu F.Paste F.Mask) (roundrect_rratio 0.217391)
      (net 6 "Net-(C2-Pad1)"))
    (model ${KISYS3DMOD}/Resistor_SMD.3dshapes/R_0805_2012Metric.wrl
      (at (xyz 0 0 0))
      (scale (xyz 1 1 1))
      (rotate (xyz 0 0 0))
    )
  )

  (module Resistor_SMD:R_0805_2012Metric_Pad1.15x1.40mm_HandSolder (layer F.Cu) (tedit 5B36C52B) (tstamp 5DC3B536)
    (at 148.708 101.7905)
    (descr "Resistor SMD 0805 (2012 Metric), square (rectangular) end terminal, IPC_7351 nominal with elongated pad for handsoldering. (Body size source: https://docs.google.com/spreadsheets/d/1BsfQQcO9C6DZCsRaXUlFlo91Tg2WpOkGARC1WS5S8t0/edit?usp=sharing), generated with kicad-footprint-generator")
    (tags "resistor handsolder")
    (path /5DAF1B91)
    (attr smd)
    (fp_text reference R3 (at 2.8919 0.0889) (layer F.SilkS)
      (effects (font (size 1 1) (thickness 0.15)))
    )
    (fp_text value 1k (at 0 1.65) (layer F.Fab)
      (effects (font (size 1 1) (thickness 0.15)))
    )
    (fp_line (start -1 0.6) (end -1 -0.6) (layer F.Fab) (width 0.1))
    (fp_line (start -1 -0.6) (end 1 -0.6) (layer F.Fab) (width 0.1))
    (fp_line (start 1 -0.6) (end 1 0.6) (layer F.Fab) (width 0.1))
    (fp_line (start 1 0.6) (end -1 0.6) (layer F.Fab) (width 0.1))
    (fp_line (start -0.261252 -0.71) (end 0.261252 -0.71) (layer F.SilkS) (width 0.12))
    (fp_line (start -0.261252 0.71) (end 0.261252 0.71) (layer F.SilkS) (width 0.12))
    (fp_line (start -1.85 0.95) (end -1.85 -0.95) (layer F.CrtYd) (width 0.05))
    (fp_line (start -1.85 -0.95) (end 1.85 -0.95) (layer F.CrtYd) (width 0.05))
    (fp_line (start 1.85 -0.95) (end 1.85 0.95) (layer F.CrtYd) (width 0.05))
    (fp_line (start 1.85 0.95) (end -1.85 0.95) (layer F.CrtYd) (width 0.05))
    (fp_text user %R (at 0 0) (layer F.Fab)
      (effects (font (size 0.5 0.5) (thickness 0.08)))
    )
    (pad 1 smd roundrect (at -1.025 0) (size 1.15 1.4) (layers F.Cu F.Paste F.Mask) (roundrect_rratio 0.217391)
      (net 9 "Net-(D2-Pad1)"))
    (pad 2 smd roundrect (at 1.025 0) (size 1.15 1.4) (layers F.Cu F.Paste F.Mask) (roundrect_rratio 0.217391)
      (net 25 "Net-(R3-Pad2)"))
    (model ${KISYS3DMOD}/Resistor_SMD.3dshapes/R_0805_2012Metric.wrl
      (at (xyz 0 0 0))
      (scale (xyz 1 1 1))
      (rotate (xyz 0 0 0))
    )
  )

  (module Resistor_SMD:R_0805_2012Metric_Pad1.15x1.40mm_HandSolder (layer F.Cu) (tedit 5B36C52B) (tstamp 5DB7301C)
    (at 162.306 102.8192 90)
    (descr "Resistor SMD 0805 (2012 Metric), square (rectangular) end terminal, IPC_7351 nominal with elongated pad for handsoldering. (Body size source: https://docs.google.com/spreadsheets/d/1BsfQQcO9C6DZCsRaXUlFlo91Tg2WpOkGARC1WS5S8t0/edit?usp=sharing), generated with kicad-footprint-generator")
    (tags "resistor handsolder")
    (path /5DB00BF3)
    (attr smd)
    (fp_text reference R4 (at -2.6416 -0.4318 180) (layer F.SilkS)
      (effects (font (size 1 1) (thickness 0.15)))
    )
    (fp_text value 1k (at 0 1.65 90) (layer F.Fab)
      (effects (font (size 1 1) (thickness 0.15)))
    )
    (fp_line (start -1 0.6) (end -1 -0.6) (layer F.Fab) (width 0.1))
    (fp_line (start -1 -0.6) (end 1 -0.6) (layer F.Fab) (width 0.1))
    (fp_line (start 1 -0.6) (end 1 0.6) (layer F.Fab) (width 0.1))
    (fp_line (start 1 0.6) (end -1 0.6) (layer F.Fab) (width 0.1))
    (fp_line (start -0.261252 -0.71) (end 0.261252 -0.71) (layer F.SilkS) (width 0.12))
    (fp_line (start -0.261252 0.71) (end 0.261252 0.71) (layer F.SilkS) (width 0.12))
    (fp_line (start -1.85 0.95) (end -1.85 -0.95) (layer F.CrtYd) (width 0.05))
    (fp_line (start -1.85 -0.95) (end 1.85 -0.95) (layer F.CrtYd) (width 0.05))
    (fp_line (start 1.85 -0.95) (end 1.85 0.95) (layer F.CrtYd) (width 0.05))
    (fp_line (start 1.85 0.95) (end -1.85 0.95) (layer F.CrtYd) (width 0.05))
    (fp_text user %R (at 0 0 90) (layer F.Fab)
      (effects (font (size 0.5 0.5) (thickness 0.08)))
    )
    (pad 1 smd roundrect (at -1.025 0 90) (size 1.15 1.4) (layers F.Cu F.Paste F.Mask) (roundrect_rratio 0.217391)
      (net 26 "Net-(R4-Pad1)"))
    (pad 2 smd roundrect (at 1.025 0 90) (size 1.15 1.4) (layers F.Cu F.Paste F.Mask) (roundrect_rratio 0.217391)
      (net 4 GND))
    (model ${KISYS3DMOD}/Resistor_SMD.3dshapes/R_0805_2012Metric.wrl
      (at (xyz 0 0 0))
      (scale (xyz 1 1 1))
      (rotate (xyz 0 0 0))
    )
  )

  (module Resistor_SMD:R_0805_2012Metric_Pad1.15x1.40mm_HandSolder (layer F.Cu) (tedit 5B36C52B) (tstamp 5DB7302D)
    (at 142.24 109.8386 270)
    (descr "Resistor SMD 0805 (2012 Metric), square (rectangular) end terminal, IPC_7351 nominal with elongated pad for handsoldering. (Body size source: https://docs.google.com/spreadsheets/d/1BsfQQcO9C6DZCsRaXUlFlo91Tg2WpOkGARC1WS5S8t0/edit?usp=sharing), generated with kicad-footprint-generator")
    (tags "resistor handsolder")
    (path /5DAF2B86)
    (attr smd)
    (fp_text reference R5 (at -2.9427 -0.0635 270) (layer F.SilkS)
      (effects (font (size 1 1) (thickness 0.15)))
    )
    (fp_text value 2k (at 0 1.65 270) (layer F.Fab)
      (effects (font (size 1 1) (thickness 0.15)))
    )
    (fp_text user %R (at 0 0 270) (layer F.Fab)
      (effects (font (size 0.5 0.5) (thickness 0.08)))
    )
    (fp_line (start 1.85 0.95) (end -1.85 0.95) (layer F.CrtYd) (width 0.05))
    (fp_line (start 1.85 -0.95) (end 1.85 0.95) (layer F.CrtYd) (width 0.05))
    (fp_line (start -1.85 -0.95) (end 1.85 -0.95) (layer F.CrtYd) (width 0.05))
    (fp_line (start -1.85 0.95) (end -1.85 -0.95) (layer F.CrtYd) (width 0.05))
    (fp_line (start -0.261252 0.71) (end 0.261252 0.71) (layer F.SilkS) (width 0.12))
    (fp_line (start -0.261252 -0.71) (end 0.261252 -0.71) (layer F.SilkS) (width 0.12))
    (fp_line (start 1 0.6) (end -1 0.6) (layer F.Fab) (width 0.1))
    (fp_line (start 1 -0.6) (end 1 0.6) (layer F.Fab) (width 0.1))
    (fp_line (start -1 -0.6) (end 1 -0.6) (layer F.Fab) (width 0.1))
    (fp_line (start -1 0.6) (end -1 -0.6) (layer F.Fab) (width 0.1))
    (pad 2 smd roundrect (at 1.025 0 270) (size 1.15 1.4) (layers F.Cu F.Paste F.Mask) (roundrect_rratio 0.217391)
      (net 4 GND))
    (pad 1 smd roundrect (at -1.025 0 270) (size 1.15 1.4) (layers F.Cu F.Paste F.Mask) (roundrect_rratio 0.217391)
      (net 27 "Net-(R5-Pad1)"))
    (model ${KISYS3DMOD}/Resistor_SMD.3dshapes/R_0805_2012Metric.wrl
      (at (xyz 0 0 0))
      (scale (xyz 1 1 1))
      (rotate (xyz 0 0 0))
    )
  )

  (module Resistor_SMD:R_0805_2012Metric_Pad1.15x1.40mm_HandSolder (layer F.Cu) (tedit 5B36C52B) (tstamp 5DB7303E)
    (at 114.7318 105.0544)
    (descr "Resistor SMD 0805 (2012 Metric), square (rectangular) end terminal, IPC_7351 nominal with elongated pad for handsoldering. (Body size source: https://docs.google.com/spreadsheets/d/1BsfQQcO9C6DZCsRaXUlFlo91Tg2WpOkGARC1WS5S8t0/edit?usp=sharing), generated with kicad-footprint-generator")
    (tags "resistor handsolder")
    (path /5DB062E7)
    (attr smd)
    (fp_text reference R6 (at 0 -1.65) (layer F.SilkS)
      (effects (font (size 1 1) (thickness 0.15)))
    )
    (fp_text value 1k (at 0 1.65) (layer F.Fab)
      (effects (font (size 1 1) (thickness 0.15)))
    )
    (fp_text user %R (at 0 0) (layer F.Fab)
      (effects (font (size 0.5 0.5) (thickness 0.08)))
    )
    (fp_line (start 1.85 0.95) (end -1.85 0.95) (layer F.CrtYd) (width 0.05))
    (fp_line (start 1.85 -0.95) (end 1.85 0.95) (layer F.CrtYd) (width 0.05))
    (fp_line (start -1.85 -0.95) (end 1.85 -0.95) (layer F.CrtYd) (width 0.05))
    (fp_line (start -1.85 0.95) (end -1.85 -0.95) (layer F.CrtYd) (width 0.05))
    (fp_line (start -0.261252 0.71) (end 0.261252 0.71) (layer F.SilkS) (width 0.12))
    (fp_line (start -0.261252 -0.71) (end 0.261252 -0.71) (layer F.SilkS) (width 0.12))
    (fp_line (start 1 0.6) (end -1 0.6) (layer F.Fab) (width 0.1))
